1001101000011101
1110101100010110
0111010000110101
1000110100100101
0110010101011111
1101011001010110
1000110001110111
0110010100011011
1011001000001010
1001100010011110
1001100111111011
1000110010101111
1000111110010101
0010001110110000
1010111001001100
1001100001010010
1100110111101000
1001101001101011
1101010010010010
1000010111000001
1110111000110010
0111000100100000
1010101110010111
1010000001101011
1000101000100100
0101111011111111
1101011010001000
1001001101111100
0010100110011010
0000101111010110
0011011011000011
0000010100111001
1000000101101001
0010001101010010
1101001000001100
1010101100001110
0101101010100100
0100110110001000
0101100010011101
0011101110101100
0010010100101001
1000011011100101
0110100001101011
1010001001101100
1001110011110010
0111010010110000
1001000000100101
0000011001101101
0010100111000001
0011011010111100
0000100110011011
1000111011101001
0001100101101101
0100110001011100
0100001111011101
1000011101001001
0111010100101110
1110100000101101
1111000010000011
1111110000001110
1100011010001000
0011011001111110
1111100111100101
1100111011001011
0000100001100110
1110001001110000
0010000100000100
1001101110010101
1111110001011110
1001001101000010
1001001010000101
1011101011010101
1101011000111111
0111011000110100
1100011100111000
1110100111010110
1101010110110001
0100101101001111
1110111110101001
1011011100110100
1000011110001010
1111110010110001
1011010001111001
0001010010101100
0011111101110001
0000000011111100
1000010100000110
1000010011001100
0110111111111110
1011111111011010
1000001110110001
0111100111100101
1001110001110011
1110011000100110
1110110101001000
1001001100000011
0100001010100110
0011101001001010
1100101110101100
1100010000111011
